AUTOMOB 2016,1,1 - 2017,12,31

Optimal: selection [0. 0. 1. 0.], value -0.0007

----------------- Full result ---------------------
selection	value		probability
---------------------------------------------------
 [0 0 1 0]	-0.0007		1.0000
 [1 1 1 1]	9.0284		0.0000
 [0 1 1 1]	4.0123		0.0000
 [1 0 1 1]	4.0121		0.0000
 [0 0 1 1]	1.0027		0.0000
 [1 1 0 1]	4.0125		0.0000
 [0 1 0 1]	1.0031		0.0000
 [1 0 0 1]	1.0028		0.0000
 [0 0 0 1]	-0.0000		0.0000
 [1 1 1 0]	4.0117		0.0000
 [0 1 1 0]	1.0024		0.0000
 [1 0 1 0]	1.0021		0.0000
 [1 1 0 0]	1.0025		0.0000
 [0 1 0 0]	-0.0003		0.0000
 [1 0 0 0]	-0.0006		0.0000
 [0 0 0 0]	1.0033		0.0000

Optimal: selection [1. 0. 0. 0.], value -0.0006

----------------- Full result ---------------------
selection	value		probability
---------------------------------------------------
 [0 1 0 0]	-0.0003		0.8853
 [0 0 0 1]	-0.0000		0.1098
 [1 0 0 0]	-0.0006		0.0049
 [0 0 1 0]	-0.0007		0.0000
 [1 0 1 1]	4.0121		0.0000
 [1 1 1 0]	4.0117		0.0000
 [1 0 1 0]	1.0021		0.0000
 [1 1 1 1]	9.0284		0.0000
 [0 0 1 1]	1.0027		0.0000
 [0 0 0 0]	1.0033		0.0000
 [0 1 1 0]	1.0024		0.0000
 [1 1 0 0]	1.0025		0.0000
 [1 1 0 1]	4.0125		0.0000
 [0 1 1 1]	4.0123		0.0000
 [1 0 0 1]	1.0028		0.0000
 [0 1 0 1]	1.0031		0.0000


Optimal: selection [0. 0. 1. 0.], value -0.0007

----------------- Full result ---------------------
selection	value		probability
---------------------------------------------------
 [0 0 1 0]	-0.0007		0.2355
 [1 0 0 0]	-0.0006		0.2355
 [0 1 0 0]	-0.0003		0.2353
 [0 0 0 1]	-0.0000		0.2351
 [0 0 0 0]	1.0033		0.0336
 [0 1 0 1]	1.0031		0.0027
 [0 0 1 1]	1.0027		0.0027
 [1 0 0 1]	1.0028		0.0027
 [1 1 0 0]	1.0025		0.0027
 [0 1 1 0]	1.0024		0.0027
 [1 0 1 0]	1.0021		0.0027
 [1 1 1 0]	4.0117		0.0019
 [1 0 1 1]	4.0121		0.0019
 [0 1 1 1]	4.0123		0.0019
 [1 1 0 1]	4.0125		0.0019
 [1 1 1 1]	9.0284		0.0014

//2018,1,1 - 2019,12,31

Optimal: selection [0. 0. 1. 0.], value -0.0005

----------------- Full result ---------------------
selection	value		probability
---------------------------------------------------
 [0 0 1 0]	-0.0005		1.0000
 [1 1 1 1]	9.0355		0.0000
 [0 1 1 1]	4.0160		0.0000
 [1 0 1 1]	4.0155		0.0000
 [0 0 1 1]	1.0037		0.0000
 [1 1 0 1]	4.0167		0.0000
 [0 1 0 1]	1.0049		0.0000
 [1 0 0 1]	1.0044		0.0000
 [0 0 0 1]	0.0004		0.0000
 [1 1 1 0]	4.0158		0.0000
 [0 1 1 0]	1.0041		0.0000
 [1 0 1 0]	1.0035		0.0000
 [1 1 0 0]	1.0047		0.0000
 [0 1 0 0]	0.0007		0.0000
 [1 0 0 0]	0.0001		0.0000
 [0 0 0 0]	1.0038		0.0000

Optimal: selection [1. 0. 0. 0.], value 0.0001

----------------- Full result ---------------------
selection	value		probability
---------------------------------------------------
 [0 1 0 0]	0.0007		0.8754
 [0 0 0 1]	0.0004		0.1176
 [1 0 0 0]	0.0001		0.0069
 [0 0 1 0]	-0.0005		0.0000
 [1 0 1 1]	4.0155		0.0000
 [1 1 1 0]	4.0158		0.0000
 [0 1 1 0]	1.0041		0.0000
 [0 0 1 1]	1.0037		0.0000
 [1 0 1 0]	1.0035		0.0000
 [1 1 1 1]	9.0355		0.0000
 [1 1 0 0]	1.0047		0.0000
 [0 1 0 1]	1.0049		0.0000
 [0 0 0 0]	1.0038		0.0000
 [1 1 0 1]	4.0167		0.0000
 [0 1 1 1]	4.0160		0.0000
 [1 0 0 1]	1.0044		0.0000

Optimal: selection [0. 0. 1. 0.], value -0.0005

----------------- Full result ---------------------
selection	value		probability
---------------------------------------------------
 [0 0 1 0]	-0.0005		0.2395
 [1 0 0 0]	0.0001		0.2389
 [0 0 0 1]	0.0004		0.2387
 [0 1 0 0]	0.0007		0.2384
 [0 0 0 0]	1.0038		0.0178
 [1 0 1 1]	4.0155		0.0031
 [1 1 1 0]	4.0158		0.0031
 [0 1 1 1]	4.0160		0.0031
 [1 1 0 1]	4.0167		0.0031
 [1 1 1 1]	9.0355		0.0022
 [1 0 1 0]	1.0035		0.0020
 [0 0 1 1]	1.0037		0.0020
 [0 1 1 0]	1.0041		0.0020
 [1 0 0 1]	1.0044		0.0020
 [1 1 0 0]	1.0047		0.0020
 [0 1 0 1]	1.0049		0.0020

//2021,1,1 - 2021,12,31

Optimal: selection [0. 0. 1. 0.], value -0.0050

----------------- Full result ---------------------
selection	value		probability
---------------------------------------------------
 [0 0 1 0]	-0.0050		1.0000
 [1 1 1 1]	9.1510		0.0000
 [0 1 1 1]	4.0632		0.0000
 [1 0 1 1]	4.0636		0.0000
 [0 0 1 1]	1.0112		0.0000
 [1 1 0 1]	4.0679		0.0000
 [0 1 0 1]	1.0153		0.0000
 [1 0 0 1]	1.0156		0.0000
 [0 0 0 1]	-0.0016		0.0000
 [1 1 1 0]	4.0640		0.0000
 [0 1 1 0]	1.0117		0.0000
 [1 0 1 0]	1.0119		0.0000
 [1 1 0 0]	1.0160		0.0000
 [0 1 0 0]	-0.0011		0.0000
 [1 0 0 0]	-0.0009		0.0000
 [0 0 0 0]	1.0173		0.0000


Optimal: selection [0. 0. 0. 1.], value -0.0016

----------------- Full result ---------------------
selection	value		probability
---------------------------------------------------
 [0 1 0 0]	-0.0011		0.9282
 [0 0 0 1]	-0.0016		0.0587
 [1 0 0 0]	-0.0009		0.0131
 [0 0 1 1]	1.0112		0.0000
 [0 0 1 0]	-0.0050		0.0000
 [1 1 1 0]	4.0640		0.0000
 [1 0 1 1]	4.0636		0.0000
 [0 1 1 0]	1.0117		0.0000
 [1 1 1 1]	9.1510		0.0000
 [0 1 1 1]	4.0632		0.0000
 [0 1 0 1]	1.0153		0.0000
 [1 1 0 0]	1.0160		0.0000
 [1 0 1 0]	1.0119		0.0000
 [1 0 0 1]	1.0156		0.0000
 [1 1 0 1]	4.0679		0.0000
 [0 0 0 0]	1.0173		0.0000


Optimal: selection [0. 0. 1. 0.], value -0.0050

----------------- Full result ---------------------
selection	value		probability
---------------------------------------------------
 [0 0 1 0]	-0.0050		0.2442
 [0 0 0 1]	-0.0016		0.2411
 [0 1 0 0]	-0.0011		0.2407
 [1 0 0 0]	-0.0009		0.2405
 [0 0 0 0]	1.0173		0.0119
 [1 1 0 1]	4.0679		0.0029
 [1 1 1 0]	4.0640		0.0029
 [1 0 1 1]	4.0636		0.0029
 [0 1 1 1]	4.0632		0.0029
 [1 1 0 0]	1.0160		0.0015
 [1 1 1 1]	9.1510		0.0015
 [1 0 0 1]	1.0156		0.0015
 [0 1 0 1]	1.0153		0.0014
 [1 0 1 0]	1.0119		0.0014
 [0 1 1 0]	1.0117		0.0014
 [0 0 1 1]	1.0112		0.0014





